Run: stfs_nodistill_v1
Path: /home/dsa/stenosis/rfdetr_video/runs/stfs_nodistill_v1
Config: T=5  img_size=512  num_classes=1

==========================================================================================
Dataset: cadica_50plus_new
  videos=160  centre_frames=1614
==========================================================================================

Per-video metrics:
  video          frames   gt    AP30   AP50   AP75 AP5095      F1      P      R    thr   Frag  FragRt
  p11_v10            16   16   0.077  0.024  0.000  0.003   0.125  0.125  0.125  0.180      0  0.0000
  p11_v14             5    5   0.134  0.068  0.000  0.021   0.154  0.125  0.200  0.120      0  0.0000
  p11_v16            14    2   0.417  0.417  0.250  0.267   0.500  0.333  1.000  0.510      0  0.0000
  p11_v17            13   13   0.553  0.361  0.000  0.073   0.455  0.556  0.385  0.470      1  0.0769
  p11_v18            10   10   0.240  0.001  0.000  0.000   0.012  0.006  0.100  0.030      0  0.0000
  p11_v8             12   12   0.030  0.000  0.000  0.000   0.001  0.000  0.083  0.000      0  0.0000
  p11_v9              7    7   0.008  0.002  0.000  0.000   0.005  0.002  0.143  0.010      0  0.0000
  p12_v1             11   12   0.016  0.004  0.000  0.001   0.033  0.021  0.083  0.090      0  0.0000
  p12_v11             6    6   0.005  0.000  0.000  0.000   0.000  0.000  0.000  0.000      0  0.0000
  p12_v16             5   15   0.008  0.002  0.000  0.000   0.009  0.005  0.200  0.010      0  0.0000
  p12_v17             1    4   0.010  0.006  0.000  0.002   0.026  0.014  0.250  0.010      0  0.0000
  p12_v2             19   19   0.006  0.001  0.000  0.000   0.003  0.001  0.421  0.000      1  0.0526
  p12_v22             6   12   0.156  0.015  0.000  0.004   0.055  0.033  0.167  0.030      0  0.0000
  p12_v7             24   24   0.232  0.231  0.000  0.061   0.357  0.312  0.417  0.160      1  0.0417
  p12_v8             19   38   0.435  0.300  0.020  0.079   0.444  0.361  0.579  0.090      1  0.0263
  p13_v10             1    1   0.000  0.000  0.000  0.000   0.000  0.000  0.000  0.000      0  0.0000
  p13_v14             1    1   0.500  0.000  0.000  0.000   0.000  0.000  0.000  0.000      0  0.0000
  p13_v5             16   16   0.130  0.034  0.000  0.005   0.167  0.250  0.125  0.470      1  0.0625
  p14_v1             15   30   0.403  0.156  0.001  0.037   0.301  0.205  0.567  0.050      1  0.0333
  p14_v10             1    2   0.053  0.019  0.000  0.005   0.021  0.011  1.000  0.010      0  0.0000
  p14_v2             14   28   0.110  0.003  0.000  0.001   0.039  0.027  0.071  0.060      0  0.0000
  p15_v1             18   54   0.296  0.018  0.000  0.003   0.088  0.214  0.056  0.520      1  0.0185
  p15_v2             18   54   0.321  0.111  0.026  0.035   0.222  0.333  0.167  0.120      0  0.0000
  p15_v3             12   24   0.529  0.061  0.000  0.007   0.182  0.333  0.125  0.540      0  0.0000
  p15_v4             20   40   0.563  0.194  0.003  0.038   0.288  0.212  0.450  0.060      2  0.0500
  p15_v5              6    8   0.183  0.149  0.000  0.017   0.316  0.273  0.375  0.150      0  0.0000
  p15_v8              1    2   0.333  0.185  0.000  0.037   0.400  0.333  0.500  0.060      0  0.0000
  p16_v1             11   11   0.107  0.011  0.000  0.002   0.062  0.038  0.182  0.050      0  0.0000
  p16_v12            12   24   0.599  0.007  0.000  0.001   0.061  0.111  0.042  0.500      0  0.0000
  p16_v13            13   12   0.045  0.044  0.000  0.007   0.125  0.250  0.083  0.550      0  0.0000
  p16_v14             2    2   0.036  0.003  0.000  0.001   0.007  0.003  1.000  0.000      0  0.0000
  p16_v22             6    6   0.144  0.029  0.000  0.006   0.125  0.077  0.333  0.060      0  0.0000
  p17_v1              9    9   0.070  0.043  0.000  0.013   0.088  0.051  0.333  0.040      0  0.0000
  p17_v12             1    1   0.200  0.053  0.000  0.005   0.061  0.031  1.000  0.020      0  0.0000
  p17_v16             7    7   0.690  0.253  0.000  0.043   0.462  0.500  0.429  0.450      0  0.0000
  p17_v18             2    2   0.060  0.054  0.000  0.021   0.154  0.091  0.500  0.040      0  0.0000
  p17_v19             5    5   0.048  0.023  0.000  0.002   0.043  0.022  0.600  0.020      0  0.0000
  p17_v4              3    3   0.075  0.017  0.000  0.005   0.051  0.028  0.333  0.030      0  0.0000
  p18_v12            20   21   0.001  0.000  0.000  0.000   0.000  0.000  0.000  0.000      0  0.0000
  p18_v4              4    4   0.778  0.778  0.265  0.321   0.750  0.750  0.750  0.200      0  0.0000
  p18_v5             12   24   0.072  0.006  0.000  0.001   0.042  0.028  0.083  0.060      0  0.0000
  p18_v7             11   11   0.417  0.272  0.000  0.049   0.455  0.455  0.455  0.210      0  0.0000
  p18_v8             13   17   0.124  0.089  0.001  0.025   0.192  0.143  0.294  0.140      1  0.0588
  p18_v9              3    3   0.587  0.587  0.167  0.313   0.667  0.667  0.667  0.170      1  0.3333
  p20_v19            12   12   0.700  0.630  0.000  0.161   0.632  0.857  0.500  0.510      1  0.0833
  p20_v2              4    6   0.567  0.038  0.000  0.008   0.118  0.091  0.167  0.100      0  0.0000
  p20_v21             5    5   1.000  1.000  0.067  0.270   1.000  1.000  1.000  0.160      0  0.0000
  p20_v22             1    2   0.526  0.526  0.000  0.059   0.667  1.000  0.500  0.140      0  0.0000
  p20_v3              3    6   0.574  0.504  0.000  0.135   0.667  1.000  0.500  0.150      0  0.0000
  p20_v4              1    1   1.000  1.000  0.000  0.100   1.000  1.000  1.000  0.050      0  0.0000
  p20_v8             17   17   0.988  0.775  0.003  0.120   0.833  0.789  0.882  0.140      1  0.0588
  p21_v11             1    1   1.000  0.067  0.000  0.020   0.050  0.026  1.000  0.020      0  0.0000
  p21_v2              1    2   0.500  0.062  0.000  0.025   0.200  0.125  0.500  0.040      0  0.0000
  p21_v8              9    9   0.846  0.732  0.013  0.230   0.824  0.875  0.778  0.520      1  0.1111
  p22_v14             8   10   0.001  0.001  0.000  0.000   0.006  0.003  0.100  0.020      0  0.0000
  p22_v21             1    1   0.000  0.000  0.000  0.000   0.000  0.000  0.000  0.000      0  0.0000
  p22_v22             7    7   0.032  0.031  0.003  0.008   0.066  0.036  0.429  0.040      1  0.1429
  p22_v32            23   23   0.116  0.000  0.000  0.000   0.000  0.000  0.000  0.000      0  0.0000
  p22_v6              5    1   0.005  0.001  0.000  0.000   0.003  0.001  1.000  0.010      0  0.0000
  p23_v1             23   23   0.023  0.000  0.000  0.000   0.001  0.000  0.130  0.000      0  0.0000
  p23_v10            20   20   0.007  0.000  0.000  0.000   0.000  0.000  0.050  0.000      0  0.0000
  p23_v11             2    2   0.643  0.202  0.000  0.080   0.333  0.250  0.500  0.130      0  0.0000
  p23_v13             9    9   0.039  0.010  0.000  0.001   0.100  0.091  0.111  0.160      0  0.0000
  p23_v18            14   14   0.482  0.138  0.003  0.033   0.333  0.400  0.286  0.490      0  0.0000
  p23_v5              8    8   0.168  0.081  0.008  0.024   0.194  0.130  0.375  0.080      0  0.0000
  p24_v12             5   20   0.093  0.011  0.000  0.002   0.044  0.025  0.200  0.020      0  0.0000
  p24_v15            25   75   0.303  0.162  0.005  0.049   0.248  0.368  0.187  0.160      1  0.0133
  p24_v18            10   10   0.055  0.032  0.012  0.013   0.069  0.053  0.100  0.140      0  0.0000
  p24_v2             21   84   0.302  0.289  0.009  0.076   0.430  0.703  0.310  0.170      1  0.0119
  p24_v22             9    9   0.047  0.040  0.008  0.018   0.095  0.052  0.556  0.040      0  0.0000
  p24_v23            15   15   0.689  0.004  0.000  0.001   0.045  0.034  0.067  0.120      0  0.0000
  p24_v3             16   16   0.091  0.085  0.038  0.044   0.250  0.250  0.250  0.190      1  0.0625
  p24_v4             25  145   0.222  0.140  0.003  0.028   0.200  0.680  0.117  0.190      0  0.0000
  p24_v5              2   12   0.122  0.108  0.013  0.043   0.192  0.125  0.417  0.020      0  0.0000
  p25_v10             5    5   1.000  1.000  0.201  0.374   1.000  1.000  1.000  0.180      0  0.0000
  p25_v14             5    5   0.021  0.016  0.003  0.005   0.039  0.022  0.200  0.040      0  0.0000
  p25_v17             5    4   0.084  0.006  0.003  0.003   0.041  0.022  0.250  0.060      0  0.0000
  p25_v5             11   11   0.001  0.000  0.000  0.000   0.000  0.000  0.000  0.000      0  0.0000
  p25_v6             14   14   0.093  0.000  0.000  0.000   0.000  0.000  0.000  0.000      0  0.0000
  p25_v7             26   26   0.069  0.001  0.000  0.000   0.017  0.011  0.038  0.110      0  0.0000
  p25_v8             17   17   0.190  0.001  0.000  0.000   0.017  0.009  0.118  0.050      1  0.0588
  p26_v1              9    7   0.477  0.234  0.014  0.055   0.364  0.500  0.286  0.520      0  0.0000
  p26_v2              1    1   0.200  0.020  0.000  0.005   0.033  0.017  1.000  0.010      0  0.0000
  p29_v10             7    7   0.056  0.001  0.000  0.000   0.010  0.005  0.143  0.020      0  0.0000
  p29_v11            10   10   0.420  0.235  0.017  0.075   0.389  0.269  0.700  0.120      2  0.2000
  p29_v4              2    2   0.500  0.500  0.000  0.079   0.667  0.500  1.000  0.140      0  0.0000
  p29_v5              1    1   1.000  0.000  0.000  0.000   0.000  0.000  0.000  0.000      0  0.0000
  p30_v1              2    2   0.833  0.000  0.000  0.000   0.000  0.000  0.000  0.000      0  0.0000
  p30_v2             15   15   0.996  0.026  0.000  0.003   0.154  0.182  0.133  0.750      0  0.0000
  p30_v3             17   17   0.921  0.006  0.000  0.001   0.057  0.056  0.059  0.170      0  0.0000
  p30_v5             15   15   0.925  0.009  0.000  0.002   0.061  0.056  0.067  0.160      0  0.0000
  p30_v6              1    1   1.000  0.167  0.000  0.031   0.250  0.143  1.000  0.050      0  0.0000
  p30_v7             10   10   0.882  0.008  0.000  0.001   0.012  0.006  0.200  0.020      1  0.1000
  p31_v10            16   32   0.441  0.025  0.000  0.005   0.092  0.058  0.219  0.030      1  0.0312
  p31_v11             1    2   0.417  0.087  0.000  0.017   0.125  0.071  0.500  0.020      0  0.0000
  p31_v12             9   20   0.517  0.019  0.001  0.004   0.086  0.060  0.150  0.040      0  0.0000
  p31_v13             1    2   1.000  0.062  0.000  0.013   0.200  0.125  0.500  0.040      0  0.0000
  p31_v18             1    1   1.000  0.000  0.000  0.000   0.000  0.000  0.000  0.000      0  0.0000
  p31_v21            12   12   0.016  0.002  0.000  0.000   0.006  0.003  0.083  0.020      0  0.0000
  p31_v5             10   10   0.767  0.424  0.000  0.125   0.429  0.750  0.300  0.500      0  0.0000
  p31_v6             14   17   0.776  0.097  0.000  0.019   0.222  0.211  0.235  0.140      0  0.0000
  p31_v7              8   12   0.031  0.002  0.000  0.000   0.018  0.010  0.083  0.030      0  0.0000
  p31_v8             15   15   0.001  0.000  0.000  0.000   0.000  0.000  0.000  0.000      0  0.0000
  p32_v10            21   21   0.556  0.001  0.000  0.000   0.006  0.003  0.095  0.020      0  0.0000
  p32_v3             29   29   0.373  0.001  0.000  0.000   0.002  0.001  0.276  0.010      4  0.1379
  p32_v4             28   28   0.010  0.000  0.000  0.000   0.000  0.000  0.000  0.000      0  0.0000
  p32_v8             15   15   1.000  0.019  0.000  0.003   0.087  0.125  0.067  0.700      0  0.0000
  p32_v9              9    9   0.341  0.000  0.000  0.000   0.000  0.000  0.000  0.000      0  0.0000
  p34_v10             8    4   0.000  0.000  0.000  0.000   0.000  0.000  0.000  0.000      0  0.0000
  p34_v6              8    8   0.324  0.128  0.000  0.026   0.222  1.000  0.125  0.640      0  0.0000
  p34_v8             21   37   0.456  0.291  0.012  0.066   0.415  0.688  0.297  0.510      4  0.1081
  p34_v9             17   17   0.814  0.651  0.014  0.152   0.703  0.650  0.765  0.180      3  0.1765
  p35_v11             1    1   1.000  1.000  0.000  0.100   1.000  1.000  1.000  0.190      0  0.0000
  p35_v3              9    9   1.000  0.202  0.000  0.037   0.444  0.444  0.444  0.170      1  0.1111
  p35_v5              9    9   0.000  0.000  0.000  0.000   0.000  0.000  0.000  0.000      0  0.0000
  p35_v6             14   19   0.015  0.001  0.000  0.000   0.022  0.014  0.053  0.090      0  0.0000
  p35_v9              3    4   0.014  0.000  0.000  0.000   0.000  0.000  0.000  0.000      0  0.0000
  p36_v14            21   21   0.143  0.002  0.000  0.000   0.043  0.040  0.048  0.160      0  0.0000
  p36_v18            10   10   0.304  0.034  0.005  0.010   0.129  0.095  0.200  0.110      0  0.0000
  p36_v20             1    1   0.018  0.000  0.000  0.000   0.000  0.000  0.000  0.000      0  0.0000
  p36_v22             6    6   0.001  0.000  0.000  0.000   0.000  0.000  0.000  0.000      0  0.0000
  p36_v24            14   14   0.005  0.000  0.000  0.000   0.000  0.000  0.000  0.000      0  0.0000
  p36_v25            24   48   0.295  0.120  0.000  0.018   0.252  0.211  0.312  0.090      0  0.0000
  p36_v3             19   19   0.064  0.000  0.000  0.000   0.006  0.003  0.053  0.030      0  0.0000
  p36_v4              6    6   0.035  0.000  0.000  0.000   0.001  0.001  0.167  0.010      0  0.0000
  p37_v1             10   10   0.041  0.000  0.000  0.000   0.000  0.000  0.000  0.000      0  0.0000
  p37_v11             7    7   0.018  0.000  0.000  0.000   0.000  0.000  0.000  0.000      0  0.0000
  p37_v3             14   14   0.005  0.000  0.000  0.000   0.001  0.001  0.143  0.010      1  0.0714
  p37_v5              4    4   0.625  0.125  0.000  0.028   0.333  0.250  0.500  0.130      0  0.0000
  p38_v2              3    3   1.000  0.300  0.010  0.096   0.400  0.286  0.667  0.050      0  0.0000
  p38_v6             12   12   0.869  0.398  0.000  0.067   0.526  0.714  0.417  0.550      0  0.0000
  p38_v8              9    9   1.000  0.948  0.000  0.165   0.941  1.000  0.889  0.680      1  0.1111
  p39_v10             8   24   0.397  0.083  0.008  0.025   0.229  0.174  0.333  0.080      0  0.0000
  p39_v15             2    2   0.167  0.042  0.000  0.004   0.143  0.083  0.500  0.080      0  0.0000
  p39_v16             1    3   0.234  0.017  0.000  0.002   0.030  0.016  0.333  0.010      0  0.0000
  p39_v18             9    9   0.000  0.000  0.000  0.000   0.000  0.000  0.000  0.000      0  0.0000
  p39_v2             14   28   0.659  0.019  0.000  0.002   0.107  0.107  0.107  0.130      0  0.0000
  p39_v3              7    7   0.548  0.426  0.000  0.060   0.545  0.750  0.429  0.490      0  0.0000
  p39_v6              6    6   1.000  0.261  0.000  0.056   0.444  0.667  0.333  0.600      0  0.0000
  p39_v7              1    2   0.450  0.286  0.000  0.064   0.444  0.286  1.000  0.090      0  0.0000
  p40_v1             17   34   0.074  0.032  0.001  0.006   0.087  0.051  0.294  0.040      2  0.0588
  p40_v12             5    5   1.000  0.681  0.000  0.185   0.800  0.800  0.800  0.110      0  0.0000
  p40_v3             14   28   0.003  0.000  0.000  0.000   0.001  0.000  0.071  0.000      0  0.0000
  p40_v4              6   12   0.588  0.435  0.000  0.084   0.556  0.833  0.417  0.180      0  0.0000
  p40_v7              1    2   0.545  0.520  0.000  0.055   0.667  1.000  0.500  0.080      0  0.0000
  p41_v10            17   17   0.533  0.000  0.000  0.000   0.001  0.001  0.176  0.000      0  0.0000
  p41_v13            11   11   0.003  0.000  0.000  0.000   0.000  0.000  0.000  0.000      0  0.0000
  p41_v18            24   48   0.014  0.000  0.000  0.000   0.005  0.003  0.042  0.020      0  0.0000
  p41_v2              4    8   0.042  0.005  0.000  0.001   0.037  0.022  0.125  0.040      0  0.0000
  p41_v20            10   20   0.006  0.003  0.000  0.000   0.037  0.023  0.100  0.030      1  0.0500
  p41_v21            25   25   0.013  0.000  0.000  0.000   0.008  0.005  0.040  0.030      0  0.0000
  p41_v3             10   10   0.022  0.001  0.000  0.000   0.014  0.007  0.200  0.020      0  0.0000
  p41_v4              1    1   0.250  0.000  0.000  0.000   0.000  0.000  0.000  0.000      0  0.0000
  p41_v6             24   24   0.702  0.404  0.000  0.079   0.500  0.500  0.500  0.210      0  0.0000
  p41_v7              7   14   0.007  0.002  0.000  0.000   0.022  0.013  0.071  0.030      0  0.0000
  p41_v8             12   24   0.025  0.001  0.000  0.000   0.007  0.003  0.208  0.010      4  0.1667
  p42_v10             4    4   0.325  0.081  0.013  0.015   0.200  0.167  0.250  0.150      0  0.0000
  p42_v2             11   11   0.000  0.000  0.000  0.000   0.000  0.000  0.000  0.000      0  0.0000
  p42_v5             12   24   0.180  0.000  0.000  0.000   0.000  0.000  0.000  0.000      0  0.0000
  p42_v7             12   12   0.001  0.000  0.000  0.000   0.000  0.000  0.000  0.000      0  0.0000

MACRO mean across videos:
  AP30     0.3356
  AP50     0.1361
  AP75     0.0076
  AP5095   0.0330
  F1       0.1928
  Frag     0.275
  FragRate 0.0164

MICRO pooled across all centre frames:
  AP30     0.1908
  AP50     0.0349
  AP75     0.0003
  AP5095   0.0068
  F1       0.1305
  P        0.1353
  R        0.1261
  thr      0.1600
  Frag     44   (over 2284 track-frames)
  FragRate 0.0193

==========================================================================================
Dataset: dataset2_split_test
  videos=31  centre_frames=1128
==========================================================================================

Per-video metrics:
  video          frames   gt    AP30   AP50   AP75 AP5095      F1      P      R    thr   Frag  FragRt
  14_002_v5          27   27   1.000  0.718  0.002  0.168   0.778  0.778  0.778  0.160      2  0.0741
  14_002_v8          16   16   0.986  0.986  0.130  0.412   0.941  0.889  1.000  0.160      0  0.0000
  14_006_v1         109  109   0.186  0.001  0.000  0.000   0.016  0.053  0.009  0.620      0  0.0000
  14_015_v1          63   63   0.827  0.562  0.028  0.159   0.633  0.667  0.603  0.640      8  0.1270
  14_029_v1          37   37   0.031  0.007  0.000  0.001   0.036  0.021  0.135  0.050      2  0.0541
  14_029_v2          47   47   0.202  0.005  0.000  0.001   0.038  0.035  0.043  0.170      0  0.0000
  14_029_v4          47   47   0.064  0.001  0.000  0.000   0.011  0.006  0.064  0.040      1  0.0213
  14_029_v5          67   67   0.772  0.338  0.002  0.065   0.462  0.476  0.448  0.440      6  0.0896
  14_029_v6          67   67   0.287  0.058  0.005  0.015   0.183  0.188  0.179  0.440      1  0.0149
  14_029_v7          37   37   0.695  0.329  0.000  0.035   0.444  0.706  0.324  0.660      0  0.0000
  14_032_v4          42   42   0.042  0.005  0.000  0.001   0.033  0.020  0.095  0.090      2  0.0476
  14_032_v6          42   42   0.187  0.042  0.000  0.006   0.138  0.094  0.262  0.130      3  0.0714
  14_032_v7          37   37   0.019  0.005  0.000  0.001   0.034  0.018  0.216  0.040      1  0.0270
  14_066_v10         37   37   0.537  0.212  0.000  0.038   0.305  0.222  0.486  0.140      3  0.0811
  14_066_v2          32   32   0.064  0.009  0.000  0.002   0.047  0.029  0.125  0.060      0  0.0000
  14_066_v3          12   12   0.976  0.976  0.092  0.288   0.923  0.857  1.000  0.170      0  0.0000
  14_066_v7          32   32   0.697  0.611  0.008  0.133   0.588  0.789  0.469  0.490      1  0.0312
  14_066_v8          47   47   0.839  0.576  0.004  0.148   0.667  0.674  0.660  0.460      4  0.0851
  14_066_v9          12   12   0.059  0.023  0.001  0.006   0.098  0.061  0.250  0.070      1  0.0833
  14_083_v1          25   25   0.375  0.135  0.002  0.030   0.188  0.429  0.120  0.500      2  0.0800
  14_083_v6          30   30   0.922  0.729  0.048  0.213   0.719  0.676  0.767  0.180      6  0.2000
  14_083_v7          17   17   0.950  0.781  0.004  0.173   0.778  0.737  0.824  0.170      2  0.1176
  14_091_v1           7    7   0.028  0.027  0.005  0.012   0.047  0.025  0.571  0.020      1  0.1429
  14_096_v2          47   47   0.114  0.079  0.001  0.021   0.185  0.120  0.404  0.070      7  0.1489
  14_096_v3          42   42   0.997  0.548  0.000  0.122   0.644  0.622  0.667  0.130      6  0.1429
  14_096_v4          37   37   1.000  1.000  0.053  0.322   1.000  1.000  1.000  0.090      0  0.0000
  14_096_v5          42   42   0.146  0.000  0.000  0.000   0.000  0.000  0.048  0.010      1  0.0238
  14_096_v6          47   47   0.065  0.000  0.000  0.000   0.004  0.002  0.043  0.020      1  0.0213
  14_099_v5          11   11   0.293  0.279  0.004  0.115   0.375  0.600  0.273  0.500      1  0.0909
  14_099_v6          10   10   0.991  0.991  0.159  0.400   0.952  0.909  1.000  0.180      0  0.0000
  14_099_v8           3    3   1.000  1.000  0.003  0.116   1.000  1.000  1.000  0.080      0  0.0000

MACRO mean across videos:
  AP30     0.4952
  AP50     0.3559
  AP75     0.0177
  AP5095   0.0969
  F1       0.3958
  Frag     2.000
  FragRate 0.0573

MICRO pooled across all centre frames:
  AP30     0.3992
  AP50     0.2019
  AP75     0.0031
  AP5095   0.0471
  F1       0.3128
  P        0.4014
  R        0.2562
  thr      0.5100
  Frag     62   (over 1128 track-frames)
  FragRate 0.0550

